AT.03 PCs
=========
0 1 2 3    4 5 6 7           14
                             15
            [PITCH]
            
               8 9

                      10  11
                      12  13

Taken at around 09:30

PC     |Mean Saturation|Mean Brightness|Norm. Mean Sat |Norm. Mean Brt
================================================================================
0       ?
1       ?
2       0.198320        0.255901        0.218084        0.239447
3       0.201404        0.264157        0.240094        0.264225
4       0.140628        0.325956        0.170389        0.304093
5       0.192469        0.262880        0.242216        0.264233
6       0.193549        0.265656        0.241779        0.266912
7       0.169049        0.298762        0.216975        0.300663
8       0.164242        0.305843        0.210414        0.307611
9       0.166105        0.300122        0.215055        0.301893
10      ?
11      ?
12      ?
13      0.206021        0.433326        0.282277        0.366965
14      0.183478        0.290122        0.220799        0.291953
15      0.183372        0.287534        0.223491        0.289251

